output_data:[
1, 0, 0, 0,
0, 0, 0, 0,
3, 0, 0, 0,
0, 0, 0, 0,
5, 0, 0, 0, 
0, 0, 0, 0, 
7, 0, 0, 0, 
0, 0, 0, 0, 
9, 0, 0, 0, 
0, 0, 0, 0, 
11, 0, 0, 0, 
0, 0, 0, 0, 
13, 0, 0, 0, 
0, 0, 0, 0, 
15, 0, 0, 0, 
0, 0, 0, 0, 
0, 0, 0, 0, 
0, 0, 0, 0, 
0, 0, 0, 0, 
0, 0, 0, 0, 
0, 0, 0, 0, 
0, 0, 0, 0, 
0, 0, 0, 0, 
0, 0, 0, 0, 
0, 0, 0, 0, 
0, 0, 0, 0, 
0, 0, 0, 0, 
0, 0, 0, 0, 
0, 0, 0, 0, 
0, 0, 0, 0, 
0, 0, 0, 0, 
0, 0, 0, 0, 
33, 0, 0, 0, 
0, 0, 0, 0, 
35, 0, 0, 0, 
0, 0, 0, 0, 
37, 0, 0, 0, 
0, 0, 0, 0, 
39, 0, 0, 0, 
0, 0, 0, 0, 
41, 0, 0, 0, 
0, 0, 0, 0, 
43, 0, 0, 0, 
0, 0, 0, 0, 
45, 0, 0, 0, 
0, 0, 0, 0, 
47, 0, 0, 0, 
0, 0, 0, 0, 
0, 0, 0, 0, 
0, 0, 0, 0, 
0, 0, 0, 0, 
0, 0, 0, 0, 
0, 0, 0, 0, 
0, 0, 0, 0, 
0, 0, 0, 0, 
0, 0, 0, 0, 
0, 0, 0, 0, 
0, 0, 0, 0, 
0, 0, 0, 0, 
0, 0, 0, 0, 
0, 0, 0, 0, 
0, 0, 0, 0, 
0, 0, 0, 0, 
0, 0, 0, 0, 
65, 0, 0, 0, 
0, 0, 0, 0, 
67, 0, 0, 0, 
0, 0, 0, 0, 
69, 0, 0, 0, 
0, 0, 0, 0, 
71, 0, 0, 0, 
0, 0, 0, 0, 
73, 0, 0, 0, 
0, 0, 0, 0, 
75, 0, 0, 0, 
0, 0, 0, 0, 
77, 0, 0, 0, 
0, 0, 0, 0, 
79, 0, 0, 0, 
0, 0, 0, 0, 
0, 0, 0, 0, 
0, 0, 0, 0, 
0, 0, 0, 0, 
0, 0, 0, 0, 
0, 0, 0, 0, 
0, 0, 0, 0, 
0, 0, 0, 0, 
0, 0, 0, 0, 
0, 0, 0, 0, 
0, 0, 0, 0, 
0, 0, 0, 0, 
0, 0, 0, 0, 
0, 0, 0, 0, 
0, 0, 0, 0, 
0, 0, 0, 0, 
0, 0, 0, 0, 
97, 0, 0, 0, 
0, 0, 0, 0, 
99, 0, 0, 0, 
0, 0, 0, 0, 
101, 0, 0, 0, 
0, 0, 0, 0, 
103, 0, 0, 0, 
0, 0, 0, 0, 
105, 0, 0, 0, 
0, 0, 0, 0, 
107, 0, 0, 0, 
0, 0, 0, 0, 
109, 0, 0, 0, 
0, 0, 0, 0, 
111, 0, 0, 0, 
0, 0, 0, 0, 
0, 0, 0, 0, 
0, 0, 0, 0, 
0, 0, 0, 0, 
0, 0, 0, 0, 
0, 0, 0, 0, 
0, 0, 0, 0, 
0, 0, 0, 0, 
0, 0, 0, 0, 
0, 0, 0, 0, 
0, 0, 0, 0, 
0, 0, 0, 0, 
0, 0, 0, 0, 
0, 0, 0, 0, 
0, 0, 0, 0, 
0, 0, 0, 0, 
0, 0, 0, 0, 
129, 0, 0, 0, 
0, 0, 0, 0, 
131, 0, 0, 0, 
0, 0, 0, 0, 
133, 0, 0, 0, 
0, 0, 0, 0, 
135, 0, 0, 0, 
0, 0, 0, 0, 
137, 0, 0, 0, 
0, 0, 0, 0, 
139, 0, 0, 0, 
0, 0, 0, 0, 
141, 0, 0, 0, 
0, 0, 0, 0, 
143, 0, 0, 0, 
0, 0, 0, 0, 
0, 0, 0, 0, 
0, 0, 0, 0, 
0, 0, 0, 0, 
0, 0, 0, 0, 
0, 0, 0, 0, 
0, 0, 0, 0, 
0, 0, 0, 0, 
0, 0, 0, 0, 
0, 0, 0, 0, 
0, 0, 0, 0, 
0, 0, 0, 0, 
0, 0, 0, 0, 
0, 0, 0, 0, 
0, 0, 0, 0, 
0, 0, 0, 0, 
0, 0, 0, 0, 
161, 0, 0, 0, 
0, 0, 0, 0, 
163, 0, 0, 0, 
0, 0, 0, 0, 
165, 0, 0, 0, 
0, 0, 0, 0, 
167, 0, 0, 0, 
0, 0, 0, 0, 
169, 0, 0, 0, 
0, 0, 0, 0, 
171, 0, 0, 0, 
0, 0, 0, 0, 
173, 0, 0, 0, 
0, 0, 0, 0, 
175, 0, 0, 0, 
0, 0, 0, 0, 
0, 0, 0, 0, 
0, 0, 0, 0, 
0, 0, 0, 0, 
0, 0, 0, 0, 
0, 0, 0, 0, 
0, 0, 0, 0, 
0, 0, 0, 0, 
0, 0, 0, 0, 
0, 0, 0, 0, 
0, 0, 0, 0, 
0, 0, 0, 0, 
0, 0, 0, 0, 
0, 0, 0, 0, 
0, 0, 0, 0, 
0, 0, 0, 0, 
0, 0, 0, 0, 
193, 0, 0, 0, 
0, 0, 0, 0, 
195, 0, 0, 0, 
0, 0, 0, 0, 
197, 0, 0, 0, 
0, 0, 0, 0, 
199, 0, 0, 0, 
0, 0, 0, 0, 
201, 0, 0, 0, 
0, 0, 0, 0, 
203, 0, 0, 0, 
0, 0, 0, 0, 
205, 0, 0, 0, 
0, 0, 0, 0, 
207, 0, 0, 0, 
0, 0, 0, 0, 
0, 0, 0, 0, 
0, 0, 0, 0, 
0, 0, 0, 0, 
0, 0, 0, 0, 
0, 0, 0, 0, 
0, 0, 0, 0, 
0, 0, 0, 0, 
0, 0, 0, 0, 
0, 0, 0, 0, 
0, 0, 0, 0, 
0, 0, 0, 0, 
0, 0, 0, 0, 
0, 0, 0, 0, 
0, 0, 0, 0, 
0, 0, 0, 0, 
0, 0, 0, 0, 
225, 0, 0, 0, 
0, 0, 0, 0, 
227, 0, 0, 0, 
0, 0, 0, 0, 
229, 0, 0, 0, 
0, 0, 0, 0, 
231, 0, 0, 0, 
0, 0, 0, 0, 
233, 0, 0, 0, 
0, 0, 0, 0, 
235, 0, 0, 0, 
0, 0, 0, 0, 
237, 0, 0, 0, 
0, 0, 0, 0, 
239, 0, 0, 0, 
0, 0, 0, 0, 
0, 0, 0, 0, 
0, 0, 0, 0, 
0, 0, 0, 0, 
0, 0, 0, 0, 
0, 0, 0, 0, 
0, 0, 0, 0, 
0, 0, 0, 0, 
0, 0, 0, 0, 
0, 0, 0, 0, 
0, 0, 0, 0, 
0, 0, 0, 0, 
0, 0, 0, 0, 
0, 0, 0, 0, 
0, 0, 0, 0, 
0, 0, 0, 0, 
0, 0, 0, 0]
